5
5
5
5
5
5
5
5
5
5
5
5
5
5
5
5
5
5
5
5
5
5
5
5
5
5
5
5
5
5
5
5
5
5
5
5
5
5
5
5
5
5
5
5
5
5
5
5
5
5
5
5
5
5
5
5
5
5
5
5
5
5
5
5
5
5
5
A
A
A
A
A
A
5
5
5
5
5
5
5
5
5
5
5
5
5
5
5
5
5
5
5
5
5
5
5
5
5
5
5
5
5
5
5
5
5
5
5
5
5
5
5
5
5
5
5
5
5
5
5
5
5
5
5
5
5
5
5
5
5
5
5
5
5
5
5
5
5
5
5
5
5
5
5
5
5
5
5
5
5
5
5
5
5
5
5
5
5
5
5
5
5
5
5
5
5
5
5
5
5
5
5
5
5
5
5
5
5
5
5
5
5
5
5
5
5
5
5
5
5
5
5
5
5
5
5
5
5
5
5
5
A
A
A
A
A
A
A
A
A
A
5
5
5
5
5
5
5
5
B
B
B
B
B
B
5
5
5
5
5
5
5
5
C
C
C
C
C
C
C
C
5
5
5
6
3
3
3
3
3
3
3
3C
3C
3C
3C
3C
3C
3C
3C
3
3
3
3
3
3
3
3
3
3
3
3
6
9
9
9
9
9
9
9A
9A
6A
6A
A
A
A
5
5
5
5
5
5
5
B
B
B
B
B
5
5
5
5
5
5
5
C
C
C
C
C
C
C
C
C
C
C
C
C
C
C
C
C
C
C
C
C
C
C
C
C
C
C
C
C
C
C
C
C
C
5
5
5
5
5
5
5
5
5
5
5
5
5
5
5
5
5
5
5
5
A
A
A
A
A
A
A
5
5
5
5
5
5
5
B
B
B
B
B
5
5
5
5
5
5
5
C
C
C
C
C
C
C
2
2
2
2
2
2
2
3
3
3
6
6A
6A
6A
6A
6A
6A
6
3
2
2
1
1
1
1
2
2
3
3
3
3
3C
3C
3C
3C
2C
2C
2C
2C
2
2
2
2
5
5
5
5
5
5
5
5
5
5
5
5
5
5
5
5
5
5
5
5
5
5
5
5
5
5
5
5
5
5
5
5
5
5
5
5
5
5
5
5
5
5
5
5
5
5
5
5
5
5
5
5
5
5
5
5
5
5
5
5
5
5
5
5
5
5
5
5
5
5
5
5
5
5
5
5
5
5
5
5
5
5
5
5
5
5
5
5
5
5
5
5
5
5
5
5
5
5
5
5
5
5
5
5
5
5
5
5
5
5
