5
5
5
5
5
5
5
5
5
5
5
5
5
5
5
5
5
5
5
5
5
5
5
5
5
5
5
5
5
5
5
5
5
5
5
5
5
5
5
5
5
5
5
5
5
5
5
5
5
5
5
5
5
5
5
5
5
5
5
5
5
5
5
5
5
5
5
5
5
5
5
5
5
5
5
P
P
P
P
P
5
5
5
5
5
5
5
5
5
5
5
5
5
5
5
5
5
5
5
5
5
K
K
K
K
K
K
K
5
5
5
5
5
5
5
5
5
5
5
5
5
5
5
5
5
5
5
S
S
S
S
S
S
5
5
5
5
5
5
5
5
5
5
5
5
5
5
5
5
5
5
5
5
5
5
H
H
H
H
H
H
H
5
5
5
5
5
5
5
5
5
5
5
5
5
5
5
5
5
5
5
5
2
2
2
2
2
2
2
2
2
2
2
2
2
2
2
2
2K
2K
2K
2K
2K
2K
2K
2
2
2
2
2
2
2
2
2
2
2
2
2
2
2
2
2
2H
2H
2H
2H
2H
2H
2H
2H
2H
2H
2
2
2
2
2
2
2
2
2
2
2
2
2
2
2
2
2
2
2
2
2
2
2
2
2
2
2
2
2
2
2
2
2
2
2
2
2
2
2
2D
2D
2D
2D
2D
2D
2D
2D
2
2
2
2
2
3
3
3
3
3
3
3
3
3
3
3
2
5
5
5
5
5
5
5
5
5
4
4
4
4
4
4
5
6
6
6
6
6
6
6
P
P
P
P
P
P
5
5
5
5
5
5
5
5
5
5
5
5
5
5
5
5
5
5
5
5
5
5
5
5
5
P
P
P
P
P
P
P
P
5
5
5
5
5
5
5
5
5
5
5
5
5
5
5
5
5
5
5
5
5
5
5
5
5
5
5
5
5
5
5
5
5
5
5
5
5
5
5
5
5
5
5
5
5
5
5
5
