5
5
5
5
5
5
5
5
5
5
5
5
5
5
5
5
5
5
5
5
5
5
5
5
5
5
5
5
5
5
5
5
5
5
5
5
5
5
5
5
5
5
5
5
5
6
6
6
6
6K
6K
6K
6K
6K
6K
6K
6K
6K
6K
6K
6K
6K
6K
6K
6K
6K
6K
6K
6K
6K
6K
6K
6K
6K
6K
6
5
5
5
5
5
5
5
5
5
5
5
5
5
5
5
5
5
9
9
9
9
9
9
9K
9K
9K
9K
9K
9K
9K
8K
K
5
5
5
5
5
5
5
S
S
S
S
S
S
S
S
5
5
5
5
5
5
5
5
5
6
9
9
9
9
9
9
9
9
9K
9K
9K
9K
9K
9K
9K
9K
9K
6K
5
5
5
5
5
5
5
5
S
S
S
S
S
S
S
S
5
5
5
5
5
5
5
5
5
5
H
H
H
H
H
H
H
H
H
5
5
2
2
2
2
1
1
1
4
4
4
4
4S
4S
4S
S
S
S
S
5
5
5
5
5
5
5
5
5
5
5
5
5
5
5
5
5
5
5
5
5
5
5
5
5
5
5
5
5
5
5
5
5
5
5
5
5
5
5
5
5
5
5
5
5
5
5
5
5
5
5
5
5
5
5
5
5
5
5
5
5
5
5
5
5
5
5
5
5
5
5
5
5
5
5
5
5
5
5
5
5
5
5
5
5
5
